1.6982969311726617
2.702704441930075
3.4108647694519476
4.29673524475273
4.884458737881248
5.159953965790627
6.007190054679683
6.007255015363633
6.0573902740284975
6.463358553860203
6.765339162251351
6.877272994864787
6.889063776938238
6.982740595467874
7.431148796698444
7.634899370635869
7.775220494440367
7.980060607605563
7.997108575921688
8.655331431844228
8.702749795746675
8.767956478248177
8.912700238263112
9.076451712827378
9.085139683923844
9.085139683923844
9.085139683923844
9.624553584476583
9.758785058828924
10.450476530357948
10.494372947305092
10.494372947305092
10.644304086397142
11.273166106518891
11.411472951585981
11.565223866026638
11.583208021380269
11.583208021380269
12.161215518975677
12.763783099298726
12.983648936541442
13.89837680350262
14.642992191562112
14.959180011244786
14.960983791253957
15.070601149643954
15.172272048428383
15.570275307540339
16.32109978199096
16.425419373274632
16.431836177177267
16.431836177177267
16.603279561348955
17.064971485990952
17.195129476570017
17.291765904550257
17.769274434305565
17.770540500739656
17.96518093903544
18.125475245520388
18.27597753787788
18.33156061933666
18.511301735505263
18.511301735505263
18.511311840214923
18.670463673867772
18.670463673867772
18.67461848708387
19.555861729839744
19.555861729839744
19.555861729839744
19.860631935599546
19.860631935599546
19.860631935599546
20.415043252647227
20.4664465092723
20.4664465092723
20.46662226769689
20.825056142354015
20.825056142354015
20.996150910577477
20.996150910577477
21.495047375136522
21.549333322655066
21.549333322655066
21.553340436603754
21.647462639697885
21.716572267749708
22.14006907002357
22.14006907002357
22.559659441797514
22.82727604184231
22.98249544794067
23.0473186785696
23.601140159390603
24.14492472502073
24.151002943952562
24.49951977097701
24.750480983838248
24.750480983838248
24.750480983838248
24.751733206957642
24.751733206957642
24.766588459747272
24.768865643318946
24.768865643318946
24.874580684310125
24.879100872964898
25.04570606280196
25.048100056044518
25.094937798353065
25.094937798353065
25.176190481174253
25.79579759927318
25.974929183793044
25.974929183793044
26.029739372332863
26.067139074822116
26.279788844283814
26.41604030539592
26.728619875864013
26.728619875864013
27.085388532728757
27.085388532728757
27.21224550607015
27.676888209079028
27.744887645447232
27.808291541310865
27.808291541310865
28.18078841945778
28.18078841945778
28.380796344670358
28.625520951576743
28.881380123796212
28.881380123796212
29.176144992102927
29.176144992102927
29.251256795720092
29.251256795720092
29.251256795720092
29.251256795720092
29.71483430489109
29.71483430489109
29.810626014148887
29.853874439754186
29.917605925083098
30.671701757418994
30.745867400944103
31.10195275082533
31.549361866878577
31.56139089099769
32.27904979955713
32.27904979955713
33.19927896963547
33.43972128938728
34.02917383652013
34.063545128766606
35.23165334756116
35.359500953920715
36.06793209139765
36.06793209139765
36.06793209139765
36.47062613687662
36.51512028065518
37.226945729812556
37.226945729812556
37.79639814973077
37.987440100703694
37.987440100703694
37.987440100703694
38.128275994695564
38.128275994695564
38.31677129994115
38.44675510981496
38.44675510981496
38.74712125845191
38.74712125845191
39.317138425638866
39.64412714485441
39.76933858501507
40.31815525430125
40.346468840069186
40.72155529809729
40.72155529809729
40.759502120994945
40.759502120994945
40.759502120994945
40.759502120994945
41.48452505187102
41.53641177717679
41.53641177717679
41.70673220522936
41.70673220522936
41.71145103394792
41.71145103394792
41.71145103394792
41.71145103394792
41.77036821214004
41.77036821214004
41.77036821214004
41.77036821214004
41.77305435901564
41.78871261912277
41.78871261912277
41.85007045877423
41.912400143823696
41.912400143823696
41.912400143823696
41.91801797368197
42.234794002744216
42.66851966560849
42.742389943916635
42.742389943916635
42.74966569876558
42.74966569876558
42.95329686956465
42.98170132557963
42.98170132557963
43.02222199478948
43.20667576893574
43.20667576893574
43.23206727536915
43.25052842722022
43.25052842722022
43.287936654140516
43.287936654140516
43.31818185487396
43.31818185487396
43.47454192515421
43.47454192515421
43.47454192515421
43.47454192515421
43.47454192515421
43.47454192515421
43.47454192515421
43.47454192515421
43.63549907125226
43.63549907125226
43.63549907125226
43.67906885733636
43.67906885733636
44.125831110258574
44.189899531419535
44.189899531419535
44.189899531419535
44.189899531419535
44.31772413804685
44.31772413804685
44.452381383161466
44.50637410705415
44.58381013716087
44.80833280569105
44.80833280569105
45.101250309442335
45.101250309442335
45.101250309442335
45.101250309442335
45.101250309442335
45.357920928057766
45.52895460427355
45.52895460427355
45.52895460427355
45.52895460427355
45.63922008134462
45.63922008134462
45.81525366231456
45.81525366231456
45.81525366231456
45.81525366231456
45.81525366231456
45.81525366231456
45.81525366231456
45.81525366231456
45.81525366231456
45.81525366231456
45.81525366231456
45.81525366231456
45.81525366231456
45.81525366231456
45.81525366231456
45.81525366231456
45.81525366231456
45.81525366231456
45.81525366231456
45.84334468472383
45.84334468472383
45.84334468472383
45.84334468472383
45.8832921179055
45.883702398959386
45.883702398959386
46.0321265604798
46.0321265604798
46.0321265604798
46.03818261398879
46.04000124589432
46.04000124589432
46.04000124589432
46.11018564260657
46.11018564260657
46.11018564260657
46.11018564260657
46.11018564260657
46.11018564260657
46.11018564260657
46.11018564260657
46.119081480179965
46.16268412337015
46.16268412337015
46.34034867617192
46.343594124943515
46.43330049108627
46.486261409113915
46.486261409113915
46.58417053131654
46.58417053131654
46.58417053131654
46.58417053131654
46.58417053131654
46.58417053131654
46.94355591609138
47.16020009483567
47.16020009483567
47.16020009483567
47.16020009483567
47.16020009483567
47.16020009483567
47.53151261422637
47.53151261422637
47.53151261422637
47.53151261422637
47.53151261422637
47.53151261422637
47.53151261422637
47.53151261422637
47.53151261422637
47.53151261422637
47.53151261422637
47.54877591322632
47.54877591322632
47.79139205266642
47.800896012809766
47.800896012809766
48.05407666213445
48.05407666213445
48.05407666213445
48.35072481006573
48.35072481006573
48.35072481006573
48.484064809664396
48.484064809664396
48.484064809664396
48.62708950641131
48.62708950641131
48.74582316600791
48.74582316600791
48.91459225154675
49.367021812203134
49.367021812203134
49.37738336539245
49.47734746452663
49.60441106082702
49.60441106082702
49.649018748481964
49.649018748481964
49.649018748481964
49.649018748481964
49.649018748481964
49.64981105174031
49.86799363628939
49.86799363628939
49.86799363628939
49.86799363628939
50.20046085168836
50.21168594362259
50.21168594362259
50.21168594362259
50.37641688706179
50.37641688706179
50.434642711481175
50.434642711481175
50.434642711481175
50.4898578632058
50.4898578632058
50.4898578632058
50.64559766569523
50.824932756564706
50.836063686655926
50.836063686655926
51.021204282454185
52.63289136472523
52.63289136472523
52.63289136472523
52.7690453572619
52.80190126504162
52.82550852728243
52.93211661881232
53.109569483817076
53.15659705788151
53.15659705788151
53.15659705788151
53.15667577253422
53.15667577253422
53.30407169605305
53.30407169605305
53.30407169605305
53.377662078439265
53.377662078439265
53.377662078439265
53.377662078439265
53.377662078439265
53.385943107752894
53.385943107752894
53.385943107752894
53.385943107752894
53.385943107752894
53.4227126619935
53.43269326215962
53.43269326215962
53.4335539431648
53.4335539431648
53.603708650246936
53.603708650246936
53.603708650246936
53.603708650246936
53.603708650246936
53.603708650246936
53.85250425742182
53.85262456850099
53.85262456850099
53.85262456850099
53.85262456850099
53.85262456850099
53.97988600734525
53.97988600734525
53.97988600734525
53.97988600734525
53.97988600734525
53.99052874745289
53.99815284461604
53.99815284461604
53.99815284461604
53.99815284461604
53.99815284461604
53.99815284461604
53.99815284461604
53.99815284461604
53.99815284461604
54.066569709644355
54.09475608728311
54.27939190454957
54.389682030173006
54.389682030173006
54.556354761094816
54.556354761094816
54.556354761094816
54.65809486184675
54.708811212572776
54.708811212572776
54.708811212572776
54.708811212572776
54.782011203665036
54.782011203665036
54.782011203665036
54.84680257628561
54.858928924486484
55.00287921020284
55.29834743173272
55.47275083069629
55.56447729886298
55.804874058854395
55.97753279927885
55.97753279927885
55.97753279927885
55.97753279927885
56.079023784164676
56.41780361023403
56.41780361023403
56.41780361023403
56.57766971701638
56.57766971701638
56.761140285650164
56.76615058669101
56.76615058669101
56.76615058669101
56.76615058669101
56.76615058669101
56.76615058669101
56.76615058669101
56.77913628512439
56.77913628512439
56.77913628512439
56.77913628512439
56.77913628512439
56.77913628512439
56.79637475393522
56.79637475393522
56.79637475393522
56.83856871449135
56.83856871449135
