3.01474842417985
3.425508512052626
4.295192344032272
4.48882201237098
4.930272399032349
5.071802796767302
5.760618761677003
6.135904357163328
6.182714852654899
6.232245108476481
6.331015325539044
6.331203210828997
6.3831552209778915
6.487466163730012
6.827765280433022
6.919803085698506
6.969310566672415
6.969310566672415
7.30730981827795
7.3542061445678755
7.360068039919021
7.497481718351328
7.961400564234696
8.279388368733272
8.279388368733272
8.279388368733272
8.279388368733272
8.280155415057356
8.280155415057356
8.409452769041438
8.409452769041438
8.409452769041438
8.79534746223845
8.843995055551723
8.885300869565443
9.024398296653299
9.371052910862561
9.600526476926882
9.600526476926882
9.637951995778854
9.799512588884971
9.799528786931244
9.799528786931244
9.858733241246
9.97799884093214
11.839929143991634
11.970559342924782
12.417336682526841
12.653990992130497
12.653990992130497
12.653990992130497
12.65451102926119
12.65451102926119
12.65451102926119
12.65451102926119
12.69768110077081
12.69768121175603
12.8003608577883
12.8003608577883
12.8003608577883
12.8003608577883
12.8025491077857
12.860246337420724
12.860271856468682
12.887140951242438
12.989602767345001
13.038219616501426
13.038219616501426
13.038219616501426
13.046613971034654
13.106745172431227
13.26972813229259
14.130050297823365
14.168605499153221
14.168605499153221
14.292740735944497
14.292740735944497
14.544071653381149
14.586613234543155
14.586613234543155
14.62821083668608
14.71072145969416
14.711803595703099
14.711803595703099
14.875766323839803
14.875766323839803
14.883874050644517
14.883874050644517
14.886843013857668
15.036508519319147
15.036508519319147
15.036508519319147
15.036508519319147
15.036508519319147
15.036508519319147
15.04321532935252
15.202095364620911
15.202095364620911
15.424248246159076
15.424248246159076
15.426402808715697
15.676339346852895
15.676339346852895
15.676339346852895
15.676339346852895
15.676701312303006
15.67670233937962
15.67670233937962
15.67670233937962
15.67670233937962
15.67670233937962
15.80839028883534
15.80839028883534
15.80839028883534
15.80839028883534
15.80839028883534
15.80839028883534
15.808670592387946
15.808670592387946
15.814346996154367
15.814346996154367
15.989499655277834
16.09166684058488
16.1970522720267
16.27382340008463
16.27382340008463
16.32616651452182
16.32616651452182
16.488387595855986
16.543855545340254
16.543855545340254
16.588184233979284
16.588184233979284
16.588184233979284
16.588184233979284
16.588184233979284
16.589028519074223
16.589028519074223
16.698026284093242
16.699364118317654
16.699364118317654
16.70051556557409
16.70051556557409
16.70051556557409
16.70051556557409
16.70051556557409
16.70051556557409
16.700516558459896
16.748863517348205
16.748863517348205
17.182413363246926
17.182413363246926
17.28002909162704
17.28002909162704
17.28002909162704
17.28247248641839
17.28247248641839
17.338621529658695
17.338621529658695
17.338621529658695
17.338621529658695
17.338621529658695
17.388811508485603
17.603525073708706
17.765773553731258
17.901236773001006
18.013770144438084
18.016747278351342
18.062215623046747
18.08919756094104
18.08919756094104
18.08919756094104
18.105988827803653
18.1087011959776
18.1087011959776
18.206652028441063
18.206652028441063
18.20665369193693
18.20665369193693
18.374439032490336
18.424016538996717
18.424016538996717
18.424016538996717
18.424016538996717
18.56583177050498
18.614653680068297
18.708109883945014
18.980189044361914
19.05984406334081
19.463445270465407
19.463914929970972
19.829798234899734
19.87046118132154
19.87048511046938
19.87048511046938
19.899608988832064
19.899608988832064
19.899608988832064
19.899608988832064
19.899608988832064
19.899608988832064
19.904078568199946
19.904078568199946
19.904078568199946
19.904107306668447
20.023775359757604
20.072304857827426
20.144776622625773
20.16342308083449
20.22009759517377
20.239691811342386
20.239691811342386
20.239691811342386
20.239691811342386
20.252535768137317
20.25253584976832
20.25253584976832
20.25253584976832
20.25253584976832
20.25253584976832
20.313106649312395
20.317615683439755
20.317615683439755
20.317615683439755
20.317615683439755
20.317615683439755
20.443244873682154
20.44355773971555
20.44355773971555
20.472839258280896
20.472840349588957
20.472840349588957
20.472840349588957
20.472840349588957
20.472840349588957
20.472840349588957
20.521600153050137
20.52160250355479
20.52160250355479
20.52160250355479
20.52167668598002
20.57360535646733
20.57360535646733
20.57360535646733
20.57360535646733
20.57360535646733
20.57360535646733
20.58064079373573
20.58064079373573
20.58064079373573
20.58064079373573
20.58064079373573
20.58064079373573
20.58064079373573
20.58064079373573
20.58064079373573
20.58064079373573
20.585149259390853
20.650343360778514
20.650343360778514
20.650343360778514
20.650343360778514
20.650343360778514
20.650343360778514
20.730218550223988
20.795419048602508
20.795419048602508
20.795419048602508
20.795419048602508
20.795419048602508
20.795419048602508
20.8014795267324
20.912744361107606
20.912744361107606
20.913917977461203
20.99623545713651
20.99623545713651
20.99623545713651
20.99623545713651
20.99623545713651
20.996239675221233
20.996239675221233
20.996239675221233
20.996239675221233
20.996239675221233
21.087609426006658
21.087609426006658
21.087609426006658
21.087609426006658
21.087609426006658
21.087609426006658
21.087609426006658
21.087609426006658
21.087609426006658
21.087609426006658
21.087701348668837
21.087701348668837
21.087701348668837
21.087701348668837
21.08770579145733
21.08770579145733
21.08770579145733
21.08770579145733
21.08770579145733
21.2813000750513
21.2813000750513
21.2813000750513
21.2813000750513
21.2813000750513
21.2813000750513
21.2813000750513
21.2813000750513
21.28156321467361
21.28156321467361
21.28156321467361
21.28156321467361
21.28156321467361
21.368674413264586
21.368674413264586
21.368674413264586
21.368674413264586
21.368674413264586
21.36888298076027
21.36888298076027
21.36888298076027
21.36888298076027
21.36888298076027
21.36888298076027
21.402870614416102
21.402870614416102
21.402934131491428
21.402934131491428
21.402934131491428
21.402934131491428
21.402934131491428
21.402934131491428
21.402934131491428
21.402934131491428
21.682505600570835
21.682505600570835
22.040563270082988
22.040563270082988
22.040563270082988
22.040563270082988
22.040563270082988
22.040563270082988
22.040563270082988
22.040563270082988
22.043104168139337
22.043104168139337
22.043104168139337
22.043104168139337
22.11813010198156
22.11813010198156
22.11813010198156
22.11813010198156
22.11813010198156
22.11813010198156
22.11813010198156
22.11813010198156
22.11813010198156
22.11813010198156
22.11813010198156
22.22277438896182
22.22277438896182
22.22277438896182
22.22277438896182
22.22277438896182
22.256752097661927
22.256773178250718
22.256773178250718
22.256773178250718
22.407875017231884
22.407875017231884
22.422279249322152
22.422279249322152
22.422279249322152
22.422279249322152
22.422279249322152
22.422279249322152
22.422279249322152
22.488652078379157
22.488652078379157
22.488652078379157
22.488652078379157
22.488652078379157
22.488652078379157
22.830363062665903
22.830363062665903
22.830363062665903
22.83051480148747
22.83051480148747
22.83051480148747
22.83051480148747
22.83051480148747
22.83051480148747
22.83051480148747
22.83051480148747
22.83051480148747
22.83051480148747
22.83051480148747
22.83051480148747
22.83051480148747
22.83051480148747
22.83081406250826
22.83081406250826
22.831594537294063
22.831594537294063
22.831594537294063
22.831594537294063
22.831594537294063
22.83159988129149
22.83159988129149
22.83159988129149
22.8316071130464
22.831658437541137
22.885769574989776
22.885769574989776
22.885769574989776
22.885769574989776
22.885769574989776
22.885769574989776
22.885769574989776
22.885769574989776
22.885769574989776
22.88578701963261
22.885805255264675
22.885805255264675
22.885805255264675
22.885805255264675
22.885805255264675
22.88580525652406
22.88580525652406
22.88580525652406
22.88580525652406
22.88580525652406
22.88580525652406
22.8890409596184
22.8890409596184
22.8890409596184
22.8890409596184
22.8890409596184
22.8890409596184
22.950813541858842
22.950813541858842
22.950813541858842
22.950813541858842
22.950813541858842
22.950813541858842
22.950813541858842
22.950813541858842
22.950813541858842
22.950813541858842
22.950813541858842
22.950813541858842
22.950813541858842
22.950813541858842
22.950813541858842
22.950813541858842
22.950813541858842
22.950813541858842
23.00557201326166
23.00557201326166
23.00557201326166
23.00557201326166
23.00557201326166
23.00557201326166
23.00557201326166
23.00557201326166
23.00557201326166
23.005572027267604
23.005572027267604
23.00558973051954
23.074647051563716
23.074647051563716
23.074647051563716
23.074647051563716
23.074647051563716
23.074647051563716
23.074647051563716
23.074647051563716
23.074647051563716
23.074647051563716
23.074647051563716
23.074647051563716
23.074647051563716
23.074647051563716
23.074647051563716
23.07470210731785
23.184020885482745
23.184020885482745
23.184020885482745
23.184020885482745
23.184020885482745
23.184020885482745
23.184020885482745
23.184020885482745
23.184020885482745
23.184020885482745
23.184020885482745
