6.221019055865806
7.322974624518183
8.053053817950934
8.349671178745103
9.427270416649135
9.824336675487753
10.905904457345073
11.375332705852927
12.004002920805824
12.541373304122407
12.541479659101913
12.706110020022027
12.706110020022027
12.765140522208615
12.914472057353624
13.820422742932156
14.231764966627846
14.334589477467834
14.334589477467834
14.702147401041156
14.767905796436878
15.042601562410937
15.086660697716002
15.560679631326755
15.56106723007816
15.603874479060826
16.205371796286688
16.384744998833135
17.058014386877986
17.960458764781514
18.051746074135135
18.38852797743772
18.491694054519005
18.58432495047636
18.7288556489291
18.90506223553364
19.21982450782997
19.77730493780145
20.11275492609149
21.00048034220987
21.106260492299995
21.148150790003037
21.148150790003037
21.155829264784714
21.55400496290344
21.555067627827107
21.556648306377618
21.759647464513883
22.196869436309203
22.353261251934928
22.353261251934928
22.353261251934928
22.90545277960279
23.377440865428646
23.479469056324838
24.502514361049695
24.50385029765374
24.516349840520963
24.6299700993285
24.925116514330107
24.925116514330107
25.029257701026253
25.029257701026253
25.029257701026253
25.12111691449688
25.332372274337892
25.58343401118653
25.58343401118653
27.468693267697358
27.468693267697358
27.590006639837917
27.590006639837917
27.590006639837917
27.593099232777355
27.742303668146622
27.7483645166677
27.7483645166677
27.768134720460022
27.930923280818284
27.98944362770215
27.98944362770215
28.146870353526754
28.276952488333485
28.730820127248762
28.730820127248762
28.731104695521072
29.168672755284536
29.314419957908513
29.314456653262216
29.45560272768994
30.376271514391732
30.645493443803396
30.688321199239773
30.974274549524704
30.974274549524704
30.974274549524704
31.217253354411135
31.512762786223732
31.512762786223732
33.255951171680024
33.928613493170985
34.18271798598939
34.18271798598939
34.47335154806505
34.81333846103966
35.340151979779606
35.340151979779606
35.466291109814655
35.568953114488316
35.793282939314324
35.90911361711319
36.15575493161565
36.218179805022196
36.347187319971425
36.39493313392465
36.39631061310159
36.54733668370811
37.61777712546627
37.671973726886094
38.20837818600888
38.20837818600888
38.20837818600888
38.41803552878382
38.41803552878382
38.65361680557278
38.65361680557278
38.65361680557278
38.773758411203495
38.91897625492849
38.91897625492849
38.9708737150021
39.23649465017924
40.21706480660697
40.29192774296521
40.5330860610648
41.047787902258996
41.05167167871524
41.3144688777021
41.34496453873045
41.34496453873045
41.350568327203014
41.350568327203014
41.5995387935333
41.640497371281796
41.71564791122565
41.750334795530364
41.750334795530364
42.484385807741596
42.60750038354514
42.60750038354514
42.61693258916369
42.637198393082095
42.886846676568425
43.0750322998108
43.22514636245553
43.352492756999695
43.703251806741214
43.793774262145824
43.82510936294312
44.08369952593135
44.085114519056326
44.56168711363684
44.60018036904133
44.60018036904133
44.69370633640407
44.69370633640407
44.69370633640407
44.86146668453091
44.91694310697498
44.990319628052404
45.05708991062937
45.132393874669575
45.132393874669575
45.132393874669575
45.132393874669575
45.235309173467854
45.50368037977854
45.50368037977854
45.730363385326754
45.89083085420245
45.99101461869679
46.64726798892205
46.64726798892205
46.797310205865784
46.797310205865784
47.0188166071121
47.477988700951045
47.477988700951045
47.7169417800874
47.76053467759762
47.76053467759762
47.76053467759762
47.76053467759762
47.76053467759762
47.76053467759762
47.76053467759762
47.77475413107944
47.77475413107944
47.77475413107944
47.77475413107944
47.77475413107944
47.77475413107944
47.77475413107944
47.79091733275816
47.79091733275816
47.79091733275816
47.79091733275816
47.79091733275816
47.79091733275816
47.916656696424084
47.92077387788404
47.92077387788404
47.93249280629443
47.96690343090793
47.96690343090793
48.23512916727394
48.23512916727394
48.92349459967911
48.92349459967911
48.92349459967911
48.92349459967911
48.92349459967911
48.92349459967911
48.92349459967911
48.95293069889567
48.962712591554954
48.962712591554954
49.01286982620649
49.12261662048793
49.24706622023457
49.566084192475
49.566084192475
49.566084192475
49.566084192475
49.566084192475
49.566084192475
49.566084192475
49.566084192475
49.566084192475
49.566084192475
49.566084192475
49.566084192475
49.566084192475
49.5663561501366
49.574138541618154
49.62921689677776
49.86462591801461
49.86462591801461
49.86462591801461
49.86714249596235
49.86714249596235
49.86714249596235
49.86714249596235
49.86714249596235
49.9257793683238
49.9257793683238
49.9257793683238
49.9257793683238
49.9257793683238
49.9257793683238
49.9257793683238
50.039999517231635
50.187819521871056
50.187819521871056
50.187819521871056
50.187819521871056
50.20095033190688
50.503735660887955
50.503735660887955
50.503735660887955
50.503735660887955
50.57032209296757
50.61242296250246
50.61242296250246
50.64927580449523
50.64927580449523
50.64927580449523
50.64927580449523
50.64927580449523
50.804620863502564
50.804620863502564
50.90134926004081
50.90134926004081
50.95199949221275
50.95199949221275
50.95668428705774
50.95668428705774
50.95668428705774
50.95668428705774
50.95668428705774
50.96227963139802
50.96227963139802
50.96227963139802
50.96227963139802
50.96227963139802
51.123125850612084
51.123125850612084
51.123125850612084
51.123125850612084
51.123125850612084
51.15957720608667
51.1603112489049
51.1603112489049
51.279815504395536
51.279815504395536
51.279815504395536
51.279815504395536
51.279815504395536
51.279815504395536
51.3615341873116
51.3615341873116
51.3615341873116
51.396151370276655
51.61950781308294
51.727174906361824
51.727174906361824
51.79252576251888
51.79252576251888
51.79280727248639
51.80923834230364
51.889315356053906
51.889315356053906
51.889315356053906
51.889315356053906
51.889315356053906
51.889315356053906
52.08306356933713
52.08306356933713
52.13906677514645
52.16215867787863
52.36801049239544
52.36801049239544
52.36801049239544
52.36801049239544
52.754450766161845
52.754450766161845
53.04475376640879
53.04475376640879
53.13288662178344
53.13288662178344
53.13288662178344
53.22199656565313
53.49085446683197
53.49085446683197
53.68528262491103
53.68528262491103
53.68528262491103
53.68528262491103
53.68528262491103
53.88257722933925
53.88257722933925
53.88257722933925
53.88257722933925
53.88257722933925
53.88257722933925
53.90025983601195
53.91279940599312
54.02348492099755
54.461653002084816
54.54049809697345
54.88718816583535
54.99919195964914
55.27523044155638
55.31151004531247
55.31151004531247
55.31151004531247
55.49803817456757
55.49803817456757
55.49803817456757
55.59893563061017
55.66075357389536
55.66075357389536
55.66075357389536
55.66075357389536
55.66075357389536
55.66075357389536
55.66075357389536
55.66075357389536
55.66075357389536
55.66075357389536
55.66075357389536
55.66075357389536
55.66075357389536
55.66075357389536
55.66075357389536
55.66075357389536
55.7381343306536
55.7381343306536
55.87212895426927
55.87212895426927
55.964359379343605
55.996064091377164
55.996064091377164
55.996064091377164
55.996064091377164
56.063747111608336
56.063747111608336
56.063747111608336
56.063747111608336
56.06871286603509
56.06871286603509
56.06871286603509
56.22257166652423
56.22257166652423
56.2302808985883
56.2302808985883
56.2302808985883
56.384422155131425
56.384422155131425
56.384422155131425
56.47843198960051
56.47843198960051
56.47843198960051
56.47843198960051
56.47843198960051
56.494828778565896
56.494828778565896
56.494828778565896
56.54860855949454
56.54860855949454
56.67907882196155
56.741508235611924
56.741508235611924
56.741508235611924
56.741508235611924
56.741508235611924
56.80421570204942
56.80421570204942
56.80421570204942
56.80421570204942
56.946125291301406
56.946125291301406
57.3563452391924
57.3563452391924
57.3563452391924
57.3563452391924
57.45738341454525
57.74108707544174
57.74108707544174
57.75671781359655
57.75671781359655
57.75671781359655
57.75671781359655
57.75671781359655
57.75671781359655
57.75671781359655
57.75671781359655
57.83484514742154
57.83484514742154
57.83484514742154
57.83484514742154
57.83484514742154
57.94956437691324
57.94956437691324
57.94956437691324
58.4234502304878
58.4234502304878
58.4234502304878
58.4234502304878
58.4234502304878
58.4234502304878
58.4234502304878
58.74553917563153
58.74553917563153
58.80194907935248
58.80331139400805
58.87577799190795
58.8819797186228
58.8819797186228
58.8819797186228
58.8819797186228
58.8819797186228
58.8819797186228
59.323787932336735
59.323787932336735
59.323787932336735
59.3306358758025
59.34115223852636
59.34115223852636
59.34115223852636
59.34115223852636
59.343208192105614
59.343208192105614
59.42696161844803
59.42696161844803
59.42696161844803
59.5124670174737
59.513608939516565
59.513608939516565
59.513608939516565
59.513608939516565
59.52702439974828
59.52702439974828
59.52702439974828
59.52702439974828
59.52702439974828
59.616980304434925
59.68861740168787
59.68861740168787
59.68861740168787
