6.006739379495805
7.25892452890741
7.424133758995588
7.886946378303581
8.80325311581467
9.436287353514604
9.520107389175006
10.090645286298965
10.147601071934474
10.198724372603797
10.199148176917294
10.362706780178105
10.530640954057628
10.679717358678328
10.854222631610709
11.333647345757779
11.333647345757779
11.387740449949254
11.387740449949254
11.396835563554943
11.401801715356335
11.572918733215916
11.627837409456879
11.81381834911637
12.203604409328543
12.203604409328543
12.33323229614944
12.364140071021783
12.431650679759299
12.431650679759299
12.431664353234632
12.718485001317822
12.772515565285456
12.772515565285456
12.915819446038688
13.566228702943055
13.682397194477876
13.682397194477876
13.747678813340295
13.871070732415253
13.887328832861186
13.958471639968138
13.958471639968138
14.111582505320822
14.215026113032124
14.215026113032124
14.312870907397855
14.368501490106492
14.513570184645317
14.513570184645317
14.730947166257431
14.808062809892053
14.813125256621294
14.924837407333593
14.924837407333593
15.716468709443959
15.716468709443959
15.718558266051877
16.022362746744655
16.022362746744655
16.08509681671736
16.221233168350402
16.38638095362419
16.392052525546116
16.392052525546116
16.490267630060487
16.490267630060487
16.490267630060487
16.60170137483825
16.60170137483825
16.60591611209058
16.641896190128364
16.641896190128364
16.889035675862257
16.88917078730078
16.964455443665678
16.964455443665678
17.01574443906103
17.01574443906103
17.01574443906103
17.201280279919004
17.201280279919004
17.20573699476755
17.239655975545237
17.239655975545237
17.239655975545237
17.243132117283093
17.243132117283093
17.243132117283093
17.243132117283093
17.28109441760886
17.28109441760886
17.28469629219567
17.28469629219567
17.28469629219567
17.333411251086737
17.411865764842528
17.411865764842528
17.43167161006617
17.461624070293677
17.94751973576056
17.94751973576056
17.94751973576056
18.023494362542465
18.023494362542465
18.023494362542465
18.023494362542465
18.613092356153924
18.613092356153924
18.613092356153924
18.86865982364449
18.86865982364449
18.86865982364449
18.93042731636961
18.9435939387117
18.9435939387117
18.9435939387117
19.14321200172806
19.150296366116645
19.204675349432456
19.204675349432456
19.258922891708494
19.258922891708494
19.258922891708494
19.258922891708494
19.258922891708494
19.258922891708494
19.26644258601725
19.26644258601725
19.26644258601725
19.93520330838053
20.515891663980835
20.515891663980835
20.515891663980835
20.515891663980835
20.515891663980835
20.515891663980835
20.515891663980835
20.515891663980835
20.55922370602004
20.55922370602004
20.55922370602004
20.55922370602004
20.55922370602004
20.55922370602004
20.559230216831924
20.559230216831924
20.559230216831924
20.692604475281023
20.742674106074112
20.742674106074112
20.742674106074112
20.742674106074112
21.103256034313155
21.103256034313155
21.103256034313155
21.103256034313155
21.103256034313155
21.165570609845048
21.165570609845048
21.165570609845048
21.165570609845048
21.165570609845048
21.165570609845048
21.218128104830715
21.218128104830715
21.318313378518763
21.36899703664895
21.36899703664895
21.36899703664895
21.386365242308926
21.386365242308926
21.44191045442313
21.44191045442313
21.44191045442313
21.44191045442313
21.44191045442313
21.44191045442313
21.44191045442313
21.44191045442313
21.44191045442313
21.44191045442313
21.44191045442313
21.44191045442313
21.44191045442313
21.44191045442313
21.44191045442313
21.441910544153878
21.441910544153878
21.441910544153878
21.441910544153878
21.441910544153878
21.58235222358575
21.58235222358575
21.674592169582038
21.674592169582038
21.674592169582038
21.677017811290312
21.680605657162168
21.737669688041148
21.737669688041148
21.751925979724483
21.853626819556368
21.853626819556368
21.853626819556368
21.853626819556368
21.88978269520006
21.88978269520006
21.88978269520006
21.88978269520006
21.88978269520006
21.88978269520006
21.933964660653995
21.933964660653995
21.933964660653995
21.970386877056253
21.970386877056253
21.970386877056253
22.269953032986173
22.269953032986173
22.269953032986173
22.269953032986173
22.269953032986173
22.269953032986173
22.269953032986173
22.269953032986173
22.269953032986173
22.269953032986173
22.269953032986173
22.490917385832926
22.490917385832926
22.490917385832926
22.490917385832926
22.490917385832926
22.490917385832926
22.490917385832926
22.490917385832926
22.640214083907033
22.640214083907033
22.640214083907033
22.640214083907033
22.640214083907033
23.019588902842717
23.019588902842717
23.019588902842717
23.019588902842717
23.019588902842717
23.019588902842717
23.019588902842717
23.019588902842717
23.207109077121668
23.207109077121668
23.207109077121668
23.207109077121668
23.256965688590313
23.256965688590313
23.256965688590313
23.256965688590313
23.256965688590313
23.256965688590313
23.365958294207807
23.365958294207807
23.365958294207807
23.490015246770746
23.490015246770746
23.490015246770746
23.490015246770746
23.55819796577802
23.562660706453762
23.562660706453762
23.562660706453762
23.612412327838015
23.612412327838015
23.612412327838015
23.612412327838015
23.612412327838015
23.612412327838015
23.65634123517706
23.70959843649481
23.70959843649481
23.70959843649481
23.70959843649481
23.70959843649481
23.70959843649481
23.70959843649481
23.70959843649481
23.70959843649481
23.756381773541293
23.8094960255524
23.8094960255524
23.8094960255524
23.8094960255524
23.8094960255524
23.8094960255524
23.8094960255524
23.8094960255524
23.8094960255524
23.8094960255524
23.8094960255524
23.8094960255524
23.8094960255524
23.8094960255524
23.8094960255524
23.8094960255524
23.8094960255524
24.47604390285841
24.47748749426519
24.47748749426519
24.47748749426519
24.47748749426519
24.47748749426519
24.47849642440011
24.47849642440011
24.47849642440011
24.529987037400964
24.529987037400964
24.68334599780785
24.845670696311878
24.845670696311878
24.845670696311878
24.845670696311878
24.845670696311878
24.845670696311878
24.845670696311878
24.845670696311878
24.845670696311878
24.845670696311878
24.947179027696027
24.947179027696027
24.947179027696027
24.947179027696027
24.952200291228387
24.952200291228387
24.952200291228387
24.952200291228387
24.952200291228387
24.952200291228387
24.95220078880336
24.95220078880336
24.95220078880336
25.007770087294837
25.014310202394004
25.014405546502815
25.014405546502815
25.014405546502815
25.014405546502815
25.014405546502815
25.014405546502815
25.014405546502815
25.014405546502815
25.014405546502815
25.014405546502815
25.014405546502815
25.014405546502815
25.014405546502815
25.014405546502815
25.014405546502815
25.014405546502815
25.014405546502815
25.014405548308428
25.014405548308428
25.014405548308428
25.014424504911705
25.014424504911705
25.014424504911705
25.014424504911705
25.014424504911705
25.014424504911705
25.01947255158457
25.01947255158457
25.01947255158457
25.01947255158457
25.01947255158457
25.01947255158457
25.01947255158457
25.01947255158457
25.01947255158457
25.01947255158457
25.01947255158457
25.01947255158457
25.01947255158457
25.01947255158457
25.01947255158457
25.01947255158457
25.01947255158457
25.01947255158457
25.01947255158457
25.01947255158457
25.031934426835665
25.182602478698648
25.182602478698648
25.182602478698648
25.336499786182237
25.336499786182237
25.336499786182237
25.336499786182237
25.336499786182237
25.336499786182237
25.336774987822366
25.336774987822366
25.336774987822366
25.336774987822366
25.336774987822366
25.336774987822366
25.336774987822366
25.336774987822366
25.336774987822366
25.336774987822366
25.336774987822366
25.336774987822366
25.336774987822366
25.562585751836416
25.562585751836416
25.562652853565503
25.562652853565503
25.562652853565503
25.562652853565503
25.562652853565503
25.562652853565503
25.566525196960384
25.722320338821355
25.722320338821355
25.722320338821355
25.722320338821355
25.76658854666804
25.76658854666804
25.774131325758123
25.828650224124413
25.963718925751078
26.000497514436848
26.000497514436848
26.000497514436848
26.000497514436848
26.000497514436848
26.000497514436848
26.000497514436848
26.000497514436848
26.0208951608583
26.0208951608583
26.0208951608583
26.0208951608583
26.0208951608583
26.0208951608583
26.163666228154018
26.163666228154018
26.163666228154018
26.335258483837446
26.335258483837446
26.335258483837446
26.335258483837446
26.335258483837446
26.335258483837446
26.430908155062674
26.430908155062674
26.430908155062674
26.430908155062674
26.430908155062674
26.430908155062674
26.430908155062674
26.430908155062674
26.430908155062674
26.430908155062674
26.430908155062674
26.430908155062674
26.430908155062674
26.430908155062674
26.430908155062674
26.52634069694465
26.52634069694465
26.52634069694465
26.52634069694465
26.52634069694465
26.52634069694465
26.52634069694465
26.52634069694465
26.52634069694465
26.52634069694465
26.52634069694465
26.52634069694465
26.583063820355353
26.583063820355353
26.583063820355353
26.583063820355353
26.583063820355353
26.583063820355353
26.583063820355353
26.583063820355353
26.583063820355353
26.583063820355353
26.583063820355353
26.636020879100137
26.636020879100137
26.73595539268249
26.73595539268249
26.79197493581575
26.79197493581575
26.79197493581575
26.79197493581575
26.79197493581575
26.79197493581575
