3.4144326316594453
5.750882788939487
6.544534425170307
7.485614564937839
7.698313443207304
8.018062017652188
8.59188359901125
8.846815179285025
9.089478998692424
9.089478998692424
9.134876227685341
9.367654057920682
9.469652992637906
9.623643914768653
9.984699937801135
9.985857152257733
9.991424361712554
9.991424361712554
10.029071366487607
10.066546246965643
10.198492191245062
10.352034406137244
10.352034406137244
10.39999463210167
10.681041128270989
10.76546491867239
10.81381645197137
10.81381645197137
10.816946071626163
10.892004465837605
10.892004465837605
10.999140335442625
11.003624530933392
11.004002649175842
11.10410104084524
11.185142632208889
11.185142632208889
11.185142632208889
11.234216238412852
11.234216238412852
11.342834708625874
11.629470779162846
11.758995195458805
11.930501881855841
12.33724698386772
12.690906181036942
13.063092259710132
13.063092259710132
13.063092259710132
13.26453525386683
13.26453525386683
13.319007466667665
13.319007466667665
13.82741401707042
13.82741401707042
13.82741401707042
13.82741401707042
13.82741401707042
13.82741401707042
13.978863152386419
13.97969612433578
13.97969612433578
14.047232351070766
14.115728818389993
14.535724675016652
14.535724675016652
14.6229121109429
14.6229121109429
14.6229121109429
14.6229121109429
14.664432340964009
14.929105538270557
14.929105538270557
14.929105538270557
14.9291110986696
14.9291110986696
14.9291110986696
14.9291110986696
15.027616793346098
15.027616793346098
15.027616793346098
15.027616793346098
15.088203581387722
15.151004886257596
15.204134389671665
15.204134389671665
15.204134389671665
15.204134389671665
15.204134389671665
15.204134389671665
15.204134389671665
15.246287900063276
15.246958021454713
15.256495221725416
15.256495221725416
15.30603636206518
15.986146025780773
15.986146025780773
15.986146025780773
15.999455260799113
16.011684277315005
16.01339285247392
16.01339285247392
16.01339285247392
16.013404053618906
16.013404053618906
16.013404053618906
16.069268532231625
16.069268532231625
16.19300033562057
16.298627986399318
16.30865522297305
16.311728550622774
16.488413511052627
16.536326647394528
16.536326647394528
16.536326647394528
16.536326647394528
16.536326647394528
16.536326647394528
16.99413675441064
16.99413675441064
17.243379319102544
17.838713253504174
17.927157850793947
18.01893777915776
18.08229737992868
18.08836593914487
18.134579611088597
18.29398422416108
18.29398422416108
18.29398422416108
18.29398422416108
18.528759712040696
18.629485406408996
18.629485406408996
18.800660049773402
18.800660049773402
18.800660049773402
19.082287401074392
19.082287401074392
19.082287401074392
19.082287401074392
19.13390674994929
19.13390674994929
19.210118924808437
19.210118924808437
19.210118924808437
19.237001945322866
19.237001945322866
19.237001945322866
19.41381259449853
20.03143413362536
20.03143413362536
20.172212084833628
20.32856549562474
20.32856549562474
20.32856549562474
20.32856549562474
20.32856549562474
20.906979475029594
21.076596946405154
21.076596946405154
21.0900192737931
21.094675196651455
21.094675196651455
21.129066730581428
21.194017185009077
21.194017185009077
21.194017185009077
21.194017185009077
21.194017185009077
21.194017185009077
21.194017185009077
21.194017185009077
21.194017185009077
21.194017185009077
21.194017185009077
21.20235182817593
21.20235182817593
21.20235182817593
21.20235182817593
21.20235182817593
21.20235182817593
21.20235182817593
21.20235182817593
21.20235182817593
21.20235182817593
21.20363760840248
21.20363760840248
21.20642995292918
21.20642995292918
21.20642995292918
21.20642995292918
21.20642995292918
21.20642995292918
21.20642995292918
21.20642995292918
21.20642995292918
21.20642995292918
21.20642995292918
21.301712319709843
21.301712319709843
21.301712319709843
21.301712319709843
21.301712319709843
21.301712319709843
21.301712319709843
21.38230262445838
21.38230262445838
21.38230262445838
21.38230262445838
21.383854724997665
21.41094285154204
21.41094285154204
21.41094285154204
21.41094285154204
21.41094285154204
21.6454681933237
21.6454681933237
21.6454681933237
21.6454681933237
21.6454681933237
21.6454681933237
21.6454681933237
21.6454681933237
21.6454681933237
21.6454681933237
21.6454681933237
21.6454681933237
21.6454681933237
21.6454681933237
21.696179967135585
21.69632208871473
21.750400180121634
21.750400180121634
21.750400180121634
21.750400180121634
21.750400180121634
21.79180521582222
21.79180521582222
21.808771657813107
22.111472457862533
22.111472457862533
22.130939828579315
22.130939828579315
22.194764111607917
22.194764111607917
22.194764111607917
22.194764111607917
22.194764111607917
22.19479434214879
22.19479434214879
22.19479434214879
22.19479434214879
22.21923171542702
22.21923171542702
22.21923171542702
22.496715536129393
22.496715536129393
22.496715536129393
22.496715536129393
22.591727901336988
22.591727901336988
22.591727901336988
22.591727901336988
22.591727901336988
22.591736704495073
22.62571437873859
22.62571437873859
22.62571437873859
22.62571437873859
22.62571437873859
22.625755045691623
22.625755045691623
22.625755045691623
22.625755045691623
22.66625083120336
22.66625083120336
22.66625083120336
22.66625083120336
22.66625083120336
22.66625083120336
22.66625083120336
22.69707682449968
22.69707682449968
22.69707682449968
22.707788912229788
22.70939389916
22.70939389916
22.71203900952687
22.76737578477244
22.815430755841213
22.815430755841213
22.815430755841213
22.81942355763417
22.826040804771996
22.826040804771996
22.830216360616312
22.830216360616312
22.830216360616312
22.830216360616312
22.830216360616312
22.830216360616312
22.830216360616312
23.23940805747055
23.23940805747055
23.23940805747055
23.23940805747055
23.23940805747055
23.23940805747055
23.34256651870194
23.34256651870194
23.34256651870194
23.34256651870194
23.34256651870194
23.34256651870194
23.65250241800777
23.65250241800777
23.65250241800777
23.65250241800777
23.65250241800777
23.652769996939323
23.652769996939323
23.652769996939323
23.652769996939323
23.652769996939323
23.652769996939323
23.652769996939323
23.72759928880165
23.72759928880165
23.72759928880165
23.72759928880165
23.72759928880165
23.72759928880165
23.72759928880165
23.7426794322499
23.7426794322499
23.7426794322499
23.745546319409534
23.745546319409534
23.745546319409534
23.745546319409534
23.745546319409534
23.745546319409534
23.86150232236083
23.86150232236083
23.86150232236083
23.86150232236083
23.86150232236083
24.20376323827515
24.31644587075245
24.31644587075245
24.31644587075245
24.31648082223979
24.31648082223979
24.31648082223979
24.316498552660644
24.316567288921
24.422378890484026
24.422378890484026
24.422378890484026
24.422378890484026
24.422378890484026
24.453443645899583
24.453443645899583
24.453443645899583
24.453443645899583
24.453443645899583
24.453443645899583
24.453443645899583
24.453443645899583
24.453443645899583
24.453443645899583
24.453443645899583
24.453443645899583
24.453443645899583
24.485256083239314
24.485256083239314
24.485256083239314
24.485256083239314
24.485256083239314
24.485256083239314
24.485256083239314
24.485256083239314
24.485256083239314
24.485256083239314
24.520791722548314
24.520791722548314
24.520791722548314
24.520791722548314
24.520791722548314
24.520791722548314
24.520791722548314
24.521960148420256
24.521960148420256
24.565822536490707
24.565822536490707
24.565822536490707
24.565822536490707
24.565822536490707
24.565822536490707
24.565822536490707
24.565822536490707
24.565822536490707
24.565822536490707
24.565822536490707
24.565822536490707
24.565822536490707
24.565822536490707
24.565822536490707
24.565822536490707
24.565822536490707
24.565822536490707
24.565822536490707
24.565822536490707
24.565822536490707
24.565822536490707
24.565822536490707
24.565822536490707
24.565822536490707
24.565822536490707
24.565822536490707
24.565822536490707
24.565822536490707
24.704960969544402
24.704960969544402
24.70497192616839
24.70497192616839
24.70497192616839
24.70497192616839
24.70497192616839
24.70497192616839
24.70497192616839
24.70497192616839
24.70497192616839
24.70497192616839
24.70497192616839
24.784250669800794
24.784250669800794
24.842433609568495
24.842433609568495
24.842433609568495
24.897051705183003
24.897051705183003
24.897088660858476
24.897088660858476
24.897088660858476
24.897088660858476
24.897088660858476
24.897088660858476
24.897088660858476
24.897088660858476
24.897088660858476
24.897088660858476
24.934142342917387
24.934142342917387
24.934142342917387
24.934142342917387
24.9910923107968
24.9910923107968
24.9910923107968
24.9910923107968
25.140643251237158
25.140643251237158
25.140643251237158
25.140643251237158
25.140643251237158
25.140643251237158
25.140791428298947
25.140791428298947
25.140791428298947
25.14599373379721
25.338150287857164
25.338150287857164
25.338150287857164
25.338150287857164
25.36464054969634
25.36464054969634
25.36464054969634
25.36464054969634
25.36464054969634
25.478151607963984
25.478151607963984
25.478151607963984
25.48881619853818
25.48881619853818
25.48881619853818
25.48881619853818
25.48881619853818
25.48881619853818
25.48881619853818
25.48881619853818
25.48881619853818
25.48881619853818
25.48881619853818
25.48881619853818
25.48881619853818
25.48881619853818
25.48881619853818
