4.613132967040528
5.757251871318679
7.238262462371726
8.21472453169337
8.287101835772935
8.863063349634457
9.323510284128886
9.67730180341074
9.795059954931064
10.333715175280739
10.336899676826423
10.700668001455707
10.700668001455707
10.700668001455707
11.064117043014015
11.354558484712555
12.069717336381384
12.166646055708727
12.418196784227344
12.418196784227344
12.46940961776657
12.677400727409847
13.580116634233457
13.620051067318915
15.086963352847524
15.086963352847524
15.520018161727211
15.736172884097599
15.736172919769505
15.746093755132625
15.755222199647296
15.82812974110037
16.04602129529568
16.057133814754867
16.11606645818353
16.86977168400054
17.83569216611171
18.234519130276652
18.27722705103651
18.27722705103651
18.27722705103651
19.082509233598362
19.30909119010692
19.311822477052594
19.362071494031014
19.362071494031014
19.379698046903016
19.379698046903016
19.483850669520844
19.648995010192124
19.76364920432272
19.86783230173811
20.361448067279767
20.83793916899573
21.336239851321807
22.17366652448021
22.316688459826423
22.61834149111926
22.691706023935744
22.691706023935744
22.904435008246132
22.929515926733888
22.979652743884866
22.979652743884866
22.979652743884866
22.979652743884866
22.979652743884866
22.993300659778804
22.993300659778804
23.083017277400426
23.37620858609278
23.37620858609278
24.249296209397233
24.249296209397233
24.249296209397233
24.25552048614382
24.38809568613791
24.462270946089145
24.924598439155126
25.243128750708706
25.807917083687045
25.807917083687045
26.657962223464484
26.881490125299145
27.554079517746892
27.595349310648736
27.88277827295652
27.91837686125251
28.34385518821165
28.35708569947476
28.466379878686883
28.572852679647973
29.178774850337383
29.178774850337383
29.55173142167363
29.88546654400715
29.88546654400715
29.936556465698505
29.968377558873794
29.968377558873794
29.969316153244137
30.12217813563625
30.36303816531742
30.36303816531742
30.466162093066714
30.57588186293581
30.57588186293581
30.64741383908095
30.703851709688013
30.8583315036243
31.43915510663672
31.651811082610163
31.8788648009035
31.8788648009035
31.992984551875004
32.1310446235218
32.35086125056627
32.750469277651156
32.78295522444104
32.88844649733291
32.88844649733291
33.07884686070514
33.07884686070514
33.22016285119131
33.22016285119131
33.22016285119131
33.616508955774464
33.616508955774464
33.66605152121208
33.717387217580416
33.887866491525486
33.887866491525486
33.97334070679872
33.97334070679872
33.97739588010802
34.06076374417593
34.28745089110967
34.28745089110967
34.28745089110967
34.28745089110967
34.28745089110967
34.28745089110967
34.28745089110967
34.28745089110967
34.28745089110967
34.28745089110967
34.29101369628232
34.41134057857354
34.41280258418538
34.505736874321606
34.51422363664197
34.51422363664197
34.72228910969663
34.779366768833256
35.25323645598354
35.49730746642921
35.49730746642921
35.49730746642921
35.49730746642921
35.49730746642921
35.49730746642921
35.49730746642921
35.56159069300081
35.64464746026476
35.64464746026476
35.84830669950976
35.960296631130255
36.148535270631065
36.18425334435328
36.18425334435328
36.286565460397966
36.38302290639882
36.80531101198922
36.80531101198922
36.88640288844044
36.920458139267424
36.920458139267424
37.20491415806625
37.20491415806625
37.224892867554466
37.397213498594766
37.43939091990226
37.43939091990226
37.43939091990226
37.43939091990226
38.25804708715898
38.25804708715898
38.25804708715898
38.30910872440244
38.30910872440244
38.58954273945178
38.58954273945178
38.58954273945178
38.84235100893194
38.99381878099296
38.99381878099296
39.05229244330167
39.15400750204651
39.205807019972845
39.40243910967241
39.40243910967241
39.45406525335527
39.563789829294606
39.61486713883584
39.61486713883584
39.7293381668485
40.16578669908401
40.42185799896171
40.42185799896171
40.4344534747017
40.4344534747017
40.4344534747017
40.4344534747017
40.4344534747017
40.43862017600961
40.43862017600961
40.67780162737644
40.67780162737644
40.784558701484464
40.857419227004236
40.857419227004236
40.96870862544102
41.12909543837927
41.12909543837927
41.3828269536667
41.3828269536667
41.38283106787708
41.39424931410361
41.41235937378436
41.712233526371556
41.832981719241864
42.026351405636866
42.026351405636866
42.026351405636866
42.026351405636866
42.18441465227322
42.18744179722696
42.18744179722696
42.18744179722696
42.33176086042524
42.34351213238482
42.62951019246802
42.726531934478245
42.726531934478245
43.07417843326345
43.07417843326345
43.21577791637843
43.44818694286483
43.524410736281325
43.524410736281325
43.524410736281325
43.524410736281325
43.7390540434933
43.75671947093521
44.071680719606505
44.071680719606505
44.071680719606505
44.17986735416099
44.181916483346015
44.181916483346015
44.33034902744775
44.378072143669144
44.378072143669144
44.378072143669144
44.551060394552294
44.551060394552294
44.551060394552294
44.63038446218328
44.63038446218328
44.63038446218328
44.63038446218328
44.79790349280319
44.79790349280319
44.79790349280319
44.79790349280319
44.79790349280319
44.79790349280319
44.94259203782091
44.94259203782091
44.98547153439041
44.98547153439041
45.47488338287803
45.77434233298409
45.77434233298409
45.79954565846009
45.896146663961204
46.06743024525373
46.06743024525373
46.06743024525373
46.122404877957855
46.122404877957855
46.122404877957855
46.122404877957855
46.122404877957855
46.122566682882734
46.122566682882734
46.122566682882734
46.61906378917862
46.61906378917862
46.6195227728492
46.742351972781
46.832468729564766
46.832468729564766
47.02109926048782
47.02109926048782
47.02109926048782
47.02895708115012
47.38296233588241
47.38296233588241
47.38296233588241
47.38296233588241
47.38296233588241
47.388462330623426
47.76187903637042
47.76187903637042
47.85839756255887
47.85839756255887
47.85839756255887
47.86034214278497
47.99640471132316
47.99640471132316
47.99640471132316
47.99640471132316
47.99640471132316
47.99640471132316
47.99640477011711
47.99640477011711
47.99640477011711
47.99640477011711
48.00636015354977
48.08376776690875
48.08376776690875
48.08376776690875
48.08376776690875
48.08376776690875
48.08376776690875
48.08376776690875
48.08376776690875
48.193331205202455
48.40110420531283
48.40110420531283
48.65646353529204
48.65646353529204
48.65646353529204
48.65646353529204
48.65646353529204
48.65646353529204
48.65646353529204
48.65646353529204
48.85604179998071
48.85604179998071
48.85604179998071
48.85604179998071
48.85604179998071
48.85604179998071
48.85604179998071
48.85604179998071
48.85604179998071
48.85604179998071
48.85604179998071
48.85604179998071
48.85604179998071
48.85604179998071
48.85604179998071
48.85911199862032
48.85911199862032
48.85911199862032
48.887136693964905
48.887136693964905
48.887136693964905
48.887136693964905
48.95850441315323
48.95850441315323
48.95859790628667
48.95859790628667
48.95859790628667
48.966516801622014
48.966516801622014
48.966516801622014
48.966516801622014
49.06362203695868
49.06362203695868
49.06362203695868
49.06362203695868
49.06362203695868
49.06362203695868
49.07350021084626
49.07350021084626
49.07350021084626
49.07350021084626
49.07350021084626
49.07350021084626
49.07350021084626
49.07350021084626
49.07350021084626
49.07753484161253
49.07753484161253
49.07753484161253
49.07753484161253
49.11908901525152
49.200839280562285
49.200839280562285
49.200839280562285
49.202171092283166
49.20225483509921
49.41678134636822
49.41678134636822
49.417639972768924
49.417639972768924
49.417639972768924
49.417639972768924
49.435633536744284
49.435633536744284
49.435633536744284
49.586123964924774
49.586123964924774
49.586123964924774
49.586123964924774
49.586123964924774
49.586123964924774
49.586123964924774
49.586123964924774
49.586123964924774
49.586123964924774
49.586123964924774
49.586123964924774
49.586123964924774
49.586123964924774
49.586123964924774
49.586123964924774
49.586123964924774
49.586123964924774
49.586123964924774
49.586123964924774
49.66643209183286
49.66643209183286
49.72830941774602
49.72830941774602
49.804082333408715
49.804082333408715
49.804082333408715
49.804082333408715
49.804082333408715
49.804082333408715
49.804082333408715
49.804082333408715
49.83008552847198
49.83008552847198
49.83008552847198
49.96322686192525
49.96322686192525
50.12363910215665
50.12363910215665
50.40237006744632
50.40237006744632
50.40237006744632
50.43228959472519
50.50882261234871
50.625033230082714
50.625033230082714
50.625125580436375
50.625125580436375
50.625125580436375
50.675941097121054
50.72208454819744
51.16633510209068
51.237509349647894
51.52987919696502
51.52987919696502
51.52987919696502
51.54335280401358
51.65525331340806
51.65525331340806
51.72012563159946
51.72012563159946
51.72012563159946
52.12687452408163
52.12687452408163
52.160623600587186
52.160623600587186
52.160623600587186
52.160623600587186
52.160623600587186
52.160623600587186
52.160623600587186
52.22071422019981
52.40911436062429
52.40911436062429
52.40911436062429
52.40911436062429
52.47959139044889
52.47959139044889
52.47959139044889
52.47959139044889
52.52502450083896
52.528575787783254
52.528575787783254
52.52857605454731
52.54319973507959
52.70777595797529
