4.366559090481724
6.370161010136573
7.1156295392627085
7.75676814279373
8.082702893668163
8.34651831696668
8.744796365668304
9.185816933999348
9.399568749049212
9.566520325900296
9.658033029061556
9.66266876101996
9.663346018491321
9.663346018491321
9.663346018491321
9.838828353191687
9.932125286208148
10.214145418931347
10.260064374154458
10.260064374154458
10.512573011963122
10.512654941798209
10.57139793710632
10.57139793710632
10.612281711816587
10.612281711816587
10.612281711816587
10.613056641157694
10.613056641157694
10.622672164376675
10.811271138748992
10.811271138748992
10.811271138748992
10.819993975299665
10.915403545914295
10.915403545914295
10.915403545914295
10.984846451440973
11.067026049001274
11.645922919746695
11.645922919746695
11.749559639497328
11.760957103762362
11.760957103762362
11.896771331392946
11.901144791788827
11.901144791788827
11.90854294447511
11.90854294447511
11.9566142965393
11.9566142965393
11.9566142965393
12.604583643467668
12.604583643467668
12.702298347363561
12.796188136863444
12.796188136863444
12.796188136863444
12.796188136863444
12.965019835714992
13.333474945998518
13.333474945998518
13.536247958776745
13.536247958776745
13.59060393418171
14.002244626914978
14.002244626914978
14.002244626914978
14.002244626914978
14.002244626914978
14.002244626914978
14.002244626914978
14.002244626914978
14.002244626914978
14.002244626914978
14.002244626914978
14.002244626914978
14.002244626914978
14.002244626914978
14.002244626914978
14.103185362416891
14.103185362416891
14.199114269593608
14.200163433709452
14.200163433709452
14.837297061256061
15.512558527992292
15.512558527992292
15.689877803545283
15.689877803545283
15.689877803545283
15.689877803545283
15.875353858783853
15.878081832552681
16.097547070731487
16.097547070731487
16.26827314609877
16.855766784841553
16.855766784841553
16.855766784841553
16.85968020931452
16.977487214505306
16.977487214505306
16.977487214505306
16.977487214505306
16.97989037792766
17.083961379063332
17.083961379063332
17.254203685970555
17.35158478354193
17.35158478354193
17.35158478354193
17.40214131838035
18.084777412828057
18.084777412828057
18.084777412828057
18.084777412828057
18.084777412828057
18.084777412828057
18.084777412828057
18.16735549404144
18.230837148823976
18.230837148823976
18.230837148823976
18.230837148823976
18.230837148823976
18.476119185847406
18.476119185847406
18.476119185847406
18.476119185847406
18.476119185847406
18.52950705986258
18.52950705986258
18.65323084929763
18.65323084929763
18.65805158008373
18.69338884013971
18.803195664243866
18.803195664243866
18.803195664243866
18.85959035685015
18.863291017327832
18.863291017327832
18.863291017327832
18.863291017327832
18.863291017327832
18.863291017327832
18.916803582368736
19.09605362926698
19.09605362926698
19.244955708543444
19.244955708543444
19.244955708543444
19.36213812465054
19.362407807274067
19.362407807274067
19.37730449395932
19.377323207276913
19.535520118165874
19.535520118165874
19.535520118165874
19.535520118165874
19.535520118165874
19.565533831803737
19.61937084958239
19.624296760742165
19.624296760742165
19.62429976092918
19.740133219406484
19.741368659195334
20.056963463776864
20.099119364519616
20.109767410555275
20.16516394315436
20.16516394315436
20.165898829656857
20.165898829656857
20.165898829656857
20.165898829656857
20.165898829656857
20.165898829656857
20.165898829656857
20.165898829656857
20.165898829656857
20.28114883311079
20.582916806630816
20.582916806630816
20.582916806630816
20.701631852722418
20.701631852722418
20.91928860833423
20.91928860833423
20.977819966994925
20.978267803737477
20.996805335518907
20.996805335518907
21.18406683452421
21.18407246510493
21.18407246510493
21.330741303875858
21.330741303875858
21.330741303875858
21.336451731197126
21.336622327753346
21.336622327753346
21.336622327753346
21.48447921852548
21.5422874330609
21.659911049120385
21.703606680083087
21.703606680083087
21.951346374630546
21.958589646644022
21.958589646644022
22.165373536106074
22.22181324991339
22.22181324991339
22.22181324991339
22.22181324991339
22.388258940477595
22.388258940477595
22.388258940477595
22.880853741450863
22.880853741450863
22.880853741450863
22.880853741450863
22.880853741450863
23.233258752115177
23.287504616225704
23.287504616225704
23.287504616225704
23.287504616225704
23.44771141928792
23.44771141928792
23.44771141928792
23.44771141928792
23.44771141928792
23.44771141928792
23.44771141928792
23.44771141928792
23.717745914785088
23.717745914785088
23.718191930312187
23.718191930312187
23.718191930312187
23.718191930312187
23.718191930312187
23.726151518222714
23.726151518222714
23.726151518222714
23.726151518222714
23.726151518222714
23.726151518222714
23.726151518222714
23.909621493169137
23.995890368324414
23.995890368324414
23.995890368324414
23.995890368324414
23.995890368324414
23.995890368324414
23.995890368324414
23.995890368324414
23.995890368324414
23.995890368324414
23.995890368324414
23.995890368324414
23.995890368324414
23.995890368324414
23.998971178731814
23.998971178731814
23.998971178731814
23.998971178731814
23.998971178731814
23.998971178731814
23.998971178731814
23.998971178731814
23.998971178731814
23.998971178731814
23.998971178731814
23.998971178731814
24.040424821897833
24.040424821897833
24.040424821897833
24.089116746252934
24.089573395592602
24.089573395592602
24.089573395592602
24.089573395592602
24.089573395592602
24.089573395592602
24.089573395592602
24.089573395592602
24.089573395592602
24.089573395592602
24.089573395592602
24.089573395592602
24.13332326437249
24.13332326437249
24.196841505168408
24.196841505168408
24.196841505168408
24.35072750648579
24.35072750648579
24.35072750648579
24.35072750648579
24.448914320866052
24.448914320866052
24.4704006356041
24.519061118008118
24.519061118008118
24.572810960557053
24.572810960557053
24.572810960557053
24.572810960557053
24.583656090372916
24.583656090372916
24.583656090372916
24.583656090372916
24.583656090372916
24.593582540198504
24.593582540198504
24.74847829161868
24.74847829161868
24.74847829161868
24.74847829161868
24.74847829161868
24.74847829161868
24.74847829161868
24.74847829161868
24.837811263328707
24.837811263328707
24.837811263328707
24.84255426245632
24.855942050933276
24.855942050933276
24.938214174735307
24.938214174735307
24.938214174735307
24.938214174735307
24.939172090212814
24.939258731719875
24.939258731719875
24.952484098351626
24.952484098351626
24.952484098351626
24.952484098351626
24.952484098351626
24.952484098351626
24.952484098351626
25.006655244375068
25.006655244375068
25.006655244375068
25.006655244375068
25.006655244375068
25.04231315696705
25.13451523370945
25.249108051191083
25.249108051191083
25.427649295261965
25.427649295261965
25.427649295261965
25.427649295261965
25.427649295261965
25.427649295261965
25.427649295261965
25.427649295261965
25.427649295261965
25.577545717217394
25.577545717217394
25.577545717217394
25.577545717217394
25.577545717217394
25.577545717217394
25.577545717217394
25.577545717217394
25.57755756148523
25.57755756148523
25.57755756148523
25.57755756148523
25.57755756148523
25.732768113745948
25.732768113745948
25.732768113745948
25.734222640335297
25.73423075888662
25.73423075888662
25.73423075888662
25.73423075888662
25.73423075888662
25.79141070365979
25.922130031491047
25.922130031491047
25.922130031491047
25.922130031491047
25.922130031491047
25.922130031491047
25.922130031491047
26.097503398183346
26.24228184658505
26.24235919999906
26.24235919999906
26.24235919999906
26.24235919999906
26.24235919999906
26.24237474490538
26.24237474490538
26.302091037963162
26.405108785459696
26.516045967153293
26.516045967153293
26.516045967153293
26.516045967153293
26.523126291639215
26.523126291639215
26.523126291639215
26.523126291639215
26.532102224680376
26.532102224680376
26.532102224680376
26.532102224680376
26.532102224680376
26.532102224680376
26.532102224680376
26.532102224680376
26.532102224680376
26.579102671268338
26.579102671268338
26.579102671268338
26.579102671268338
26.579102671268338
26.579102671268338
26.579102671268338
26.579102671268338
26.579102671268338
26.5793765750761
26.618205084747558
26.675291593446012
26.675291593446012
26.675291593446012
26.675291593446012
26.675291593446012
26.675291593446012
26.675291593446012
26.675347318319474
26.675347318319474
26.675347318319474
26.681431403851775
26.732677354026645
26.77973609102984
26.77973609102984
26.77973609102984
26.77973609102984
26.77973609102984
26.7980439780531
26.7980439780531
26.7980439780531
26.7980439780531
26.7980439780531
26.7980439780531
26.7980439780531
26.7980439780531
26.7980439780531
26.7980439780531
26.7980439780531
26.7980439780531
26.7980439780531
26.7980439780531
26.7980439780531
26.7980439780531
26.7980439780531
26.800491158830063
26.800491158830063
26.800812791256742
26.800812791256742
26.800896952565246
26.800896952565246
26.800896952565246
26.800896952565246
26.800896952565246
26.800896952565246
26.800896952565246
26.800896952565246
26.800896952565246
26.800896952565246
26.800896952565246
26.800896952565246
26.800896952565246
26.800896952565246
26.800896952565246
26.800896952565246
26.800896952565246
26.80143483434075
26.80143483434075
26.803931423731814
26.803931423731814
26.869581372748428
26.870279873631414
26.870279873631414
26.870279873631414
