3.799728308051429
4.478515845508594
5.626318547300871
8.2427644928251
8.392777636399725
8.827109267190533
9.00808601217612
9.061206932201744
9.213428445786096
9.215370730191925
9.360969604502522
9.455324410478415
9.50111513413997
9.587179562477456
9.993954204251924
10.058378142955307
10.328401476506361
10.575988578435188
11.218098908678211
11.272766737084341
11.272766737084341
11.32979417851006
11.514360696229653
11.51541135327023
11.6541456855088
11.6541456855088
12.119820068242793
12.119820068242793
12.123685623895026
12.164671871870295
12.164671871870295
12.164671871870295
12.886135641940495
12.9852367592347
12.9852367592347
12.9852367592347
13.054269272979292
13.236972345238607
13.505540636463087
13.544012124094655
13.544012124094655
13.563426558495255
13.563426558495255
13.563426558495255
13.687911435507738
13.687911435507738
13.733981796829216
13.748704973039409
13.86998595052594
14.172987863207894
14.375357182963503
14.709283267831088
15.135712184456299
15.35631119329376
15.452110062876613
15.452110062876613
15.767947723413704
15.8866202635608
15.8866202635608
15.8866202635608
15.94523114581016
16.077299960359568
16.077299960359568
16.372543446844467
16.710237276100976
16.710237276100976
16.710237276100976
16.867406632699325
16.867406632699325
16.870124227296095
17.023896695819516
17.2605234262264
17.2605234262264
17.26127374536255
17.26127374536255
17.26127374536255
17.26127374536255
17.26127374536255
17.26127374536255
17.281945226132706
17.281945226132706
17.281945226132706
17.281945226132706
17.281945226132706
17.349244535423473
17.56805269731045
17.710683629796797
17.710995922283107
17.801974473779833
17.857252440523634
17.863220204756512
17.95921810157588
17.97907071999736
18.051174653533725
18.051174653533725
18.051556678686715
18.051556678686715
18.107238351768125
18.11489424887987
18.11489424887987
18.11489424887987
18.21596822786235
18.21596822786235
18.21596822786235
18.21596822786235
18.21596822786235
18.21599961203366
18.21599961203366
18.21599961203366
18.5464955927029
18.5464955927029
18.5464955927029
18.5464955927029
18.653265365732217
18.653265365732217
18.65348797067689
18.701551663130555
18.754077650684927
19.07702699367031
19.07702699367031
19.07702699367031
19.07702940689229
19.07702940689229
19.12835521469533
19.12835521469533
19.12835521469533
19.12835521469533
19.178357009988126
19.293237925409805
19.296273951281186
19.297375634097158
19.297375634097158
19.297375634097158
19.297375634097158
19.297375634097158
19.297375634097158
19.297375634097158
19.377518198303125
19.377518198303125
19.377518198303125
19.702727848802237
19.702727848802237
19.761759136001512
19.761759136001512
19.761759136001512
19.761759136001512
19.761759136001512
19.761759136001512
19.761759136001512
19.761759136001512
19.761759136001512
19.761759136001512
19.91792110900992
19.91792110900992
19.91792110900992
19.91792110900992
19.91792110900992
19.91792110900992
19.91792110900992
19.91792110900992
19.91792110900992
19.966652808543323
19.966652808543323
19.966652808543323
19.966652808543323
19.966652808543323
19.966652808543323
19.982764099837915
20.394893440479237
20.394893440479237
20.434709989446947
20.434709989446947
20.463435603593137
20.463435603593137
20.463435603593137
20.463435603593137
20.49043782934096
20.54377927574445
20.54377927574445
20.54377927574445
20.54377927574445
20.54377927574445
20.54377927574445
20.54377927574445
20.54377927574445
20.54377927574445
20.54377927574445
20.54377927574445
20.779243143684692
20.779243143684692
20.779243143684692
20.779243143684692
20.779243143684692
20.779243143684692
20.779243143684692
20.779243143684692
20.779243143684692
20.779243143684692
20.779243143684692
20.779243143684692
20.779243143684692
20.779243143684692
20.779243143684692
20.779243143684692
20.779243143684692
20.779243143684692
20.779243143684692
20.779243143684692
20.779243143684692
20.779243143684692
20.779243143684692
20.779243143684692
20.848116503388965
20.848116503388965
20.848116503388965
20.848116503388965
20.848116503388965
20.848116503388965
21.20076625489219
21.20076625489219
21.56956819201185
21.56956819201185
21.738903203597044
21.738903203597044
21.738903203597044
21.738903203597044
21.738903203597044
21.738903203597044
21.738903203597044
22.143010507528146
22.143010507528146
22.143010507528146
22.143010507528146
22.143010507528146
22.179957461461054
22.179957461461054
22.186964622256603
22.186964622256603
22.186964622256603
22.186964622256603
22.186964622256603
22.186964622256603
22.186964622256603
22.186964622256603
22.189482748604256
22.189482748604256
22.189482748604256
22.189482748604256
22.189482748604256
22.189482748604256
22.189482748604256
22.195803311958045
22.195803311958045
22.91264045389239
22.92969308750493
22.92969308750493
22.92969308750493
22.92969308750493
22.97941268506848
23.16548236779277
23.16548236779277
23.264263167307316
23.264263167307316
23.30096331232994
23.30096331232994
23.30096331232994
23.30096331232994
23.30096331232994
23.30096331232994
23.30096331232994
23.30096331232994
23.30096331232994
23.30096331232994
23.660768654442847
23.678646975042493
23.69473044665355
23.69473044665355
23.69473044665355
23.69473044665355
23.69473044665355
23.69473044665355
23.881542176075264
23.881542176075264
23.881542176075264
23.881542176075264
23.88386916789192
23.90633829172711
23.90633829172711
23.90633829172711
23.90633829172711
23.90633829172711
23.90633829172711
23.95672625186991
23.95672625186991
23.95672625186991
23.95672625186991
23.95672625186991
23.96643330613985
23.96643330613985
23.96643330613985
23.96643330613985
23.96643330613985
24.22882141283865
24.22882141283865
24.22882141283865
24.22882141283865
24.228826821340338
24.228826821340338
24.228826821340338
24.23178463474496
24.23178463474496
24.23178463474496
24.23178463474496
24.23178463474496
24.23178463474496
24.243947096947583
24.243947096947583
24.243947096947583
24.449850438890998
24.449850438890998
24.449850438890998
24.499008174731564
25.323319539148063
25.323319539148063
25.323319539148063
25.323319539148063
25.391873180955532
25.391873180955532
25.391873180955532
25.391873180955532
25.391873180955532
25.527730208725547
25.527730208725547
25.527730208725547
25.527730208725547
25.527730208725547
25.527730208725547
25.527730208725547
25.535715298402927
25.535715298402927
25.535715298402927
25.535715298402927
25.535715298402927
25.535715298402927
25.535715298402927
25.535715298402927
25.535715298402927
25.535715298402927
25.535715298402927
25.535715298402927
25.535715298402927
25.535715298402927
25.535715298402927
25.535715298402927
25.535715298402927
25.535715298402927
25.535715298402927
25.535715298402927
25.535715298402927
25.535715298402927
25.535715298402927
25.535715298402927
25.535715298402927
25.535715298402927
25.535715298402927
25.535715298402927
25.535715298402927
25.535715298402927
25.535715298402927
25.657322509495167
25.657322509495167
25.657322509495167
25.657322509495167
25.69113038739376
25.69113038739376
25.69113038739376
25.739448070044403
25.739448070044403
25.739448070044403
25.868024455512984
26.156126689917972
26.156126689917972
26.156126689917972
26.156126689917972
26.156126689917972
26.156126689917972
26.156126689917972
26.156126689917972
26.156126689917972
26.156126689917972
26.277266851507523
26.277266851507523
26.277266851507523
26.277266851507523
26.277266851507523
26.277266851507523
26.277266851507523
26.277266851507523
26.277266851507523
26.277266851507523
26.277266851507523
26.277266851507523
26.277266851507523
26.277266851507523
26.277266851507523
26.277266851507523
26.281454285736952
26.281454285736952
26.281454285736952
26.281454285736952
26.281454285736952
26.281454285736952
26.281454285736952
26.281454285736952
26.281454285736952
26.281454285736952
26.281454285736952
26.281454285736952
26.281454285736952
26.281454285736952
26.281454285736952
26.281454285736952
26.281454285736952
26.281454285736952
26.355424442928303
26.355424442928303
26.355424442928303
26.355424442928303
26.355424442928303
26.355424442928303
26.355424442928303
26.355424442928303
26.355424442928303
26.355424442928303
26.355424442928303
26.457248109881778
26.457248109881778
26.526465409237396
26.526465409237396
26.526465409237396
26.526465409237396
26.526465409237396
26.526465409237396
26.526465409237396
26.751184122069198
27.15198890951312
27.323622483002197
27.323622483002197
27.323622483002197
27.323622483002197
27.323622483002197
27.323622483002197
27.323622483002197
27.409479368541913
27.409479368541913
27.409479368541913
27.409479368541913
27.409479368541913
27.409479368541913
27.409479368541913
27.409479368541913
27.409479368541913
27.409479368541913
27.40950250914824
27.40950250914824
27.40950250914824
27.40950250914824
27.40950250914824
27.40950250914824
27.589477291009054
27.589477291009054
27.933366911495533
27.933366911495533
27.933366911495533
27.933366911495533
27.933366911495533
27.933366911495533
27.933366911495533
27.933366911495533
27.933366911495533
27.933366911495533
27.933366911495533
27.933366911495533
27.933366911495533
27.94290105896596
27.94290105896596
27.94290105896596
27.94290105896596
27.94290105896596
27.94290105896596
27.94290105896596
27.94290105896596
27.94290105896596
27.94290105896596
27.94290105896596
27.95094898266665
27.997019522739542
28.020077758546034
28.020077758546034
28.020077758546034
