4.2594252115079865
5.94211704547212
7.386292298190206
7.950805625910159
8.475506898360598
8.83807507228758
9.26579491944247
9.316271594511747
9.670779469196114
9.729167077790757
11.74425715043439
12.092848229844881
12.23250470076991
13.162736161956886
13.259558273508073
13.465163215218459
13.576994280883373
13.57737034453424
13.743557637198672
13.7447842406581
13.748303619119847
13.962385290342349
13.962385290342349
14.149601085511572
14.149601085511572
14.194412407021238
14.974783728963
15.473408890825539
15.59487781630007
15.59487781630007
15.645031410801312
16.66145341844378
16.95759719410215
17.379940759187896
17.494998435308627
17.494998435308627
17.565705052711955
17.565705052711955
17.65764000334331
17.710514536421023
17.710514536421023
17.710514536421023
17.710514536421023
17.710514536421023
17.809513120772703
17.858732514351708
18.150636684451545
18.150636684451545
18.150636684451545
18.150636684451545
18.150636684451545
18.150636684451545
18.28974156417285
18.28974156417285
18.310601022024045
18.310601022024045
18.310601022024045
18.362214261767022
18.68973276202427
18.83797511255899
18.890100179895782
20.01278037406319
20.01278037406319
20.12264279320565
20.235520195555473
20.235532533440526
20.264613190303788
20.851222725002305
21.868476205751403
22.254517912864422
22.424926760312566
22.697418330792473
23.49728354881461
23.602293713757213
23.602293713757213
23.80920737714937
23.809207377212697
23.809207377212697
23.821103721157318
23.821103721157318
23.91978487492515
23.91983439070208
23.92059643317751
23.92059643317751
24.35894380243932
24.35894380243932
24.35894380243932
24.478869586227034
24.478869586227034
24.478869586227034
24.548029529814464
24.548029529814464
24.912219470522803
24.97500789632346
24.97500789632346
24.97500789632346
24.97500789632346
25.027342687724474
25.027342687724474
25.139564706399305
25.545672986275864
25.56223625766926
25.56223625766926
25.65434970970656
25.749225510543436
25.749225510543436
25.749225510543436
25.872609646050194
25.87264869558777
25.975428841667178
25.975428841667178
26.02031889203077
26.080184820624225
26.583552614023127
26.583552614023127
26.583552614023127
26.583552614023127
26.7885656829471
26.7885656829471
26.789966461692625
27.164688956733322
27.164688956733322
27.218791619462053
27.318131242958582
28.499077247027117
28.615628679061786
28.61562870807183
28.67714749581406
28.67714749581406
29.703731762806875
29.87730640484866
29.929144977429257
30.02908230963081
30.423184949032297
30.423184949032297
30.423184949032297
30.423184949032297
30.547988780498514
30.92544539069459
31.16058926546186
31.21885645633909
31.21885645633909
31.219340704936013
31.727660393317574
32.05153310732147
32.05153310732147
32.66136061043078
32.682133980061366
33.30848929196798
33.57763897156561
33.577894036692825
33.577894036692825
34.14814756310502
34.14814756310502
34.192146008645615
34.719953884670915
34.719953884670915
34.719953884670915
34.719953884670915
34.719953884670915
34.719953884670915
34.719953884670915
34.719953884670915
34.77964716098653
34.88026445743192
34.97960181690705
35.13885609022748
35.13885609022748
35.13885609022748
35.13885609022748
35.13885609022748
35.13885609022748
35.18656868040214
35.38440220672446
35.38440220672446
35.38440220672446
35.38440220672446
35.38440220672446
35.38440220672446
35.38440220672446
35.75521083637327
35.75835857999759
35.75835857999759
35.75835857999759
35.767200071054404
35.781557860884774
35.781557860884774
35.827594190611364
35.827594190611364
35.827594190611364
36.28426426439222
37.75452720715595
37.75452720715595
37.75452720715595
37.980334624374045
37.980334624374045
37.980334624374045
37.980334624374045
37.980334624374045
37.980334624374045
38.090713041606165
38.244231721986495
39.0767246045416
39.0767246045416
39.0767246045416
39.0767246045416
39.0767246045416
39.0767246045416
39.08484308187289
39.220397255756936
39.26148408618732
39.55974628302324
39.55974628302324
39.55976972757604
39.561234192461875
39.561234192461875
39.561234192461875
39.561234192461875
39.561234192461875
39.561234192461875
39.561234192461875
39.561234192461875
39.577089304928876
39.577089304928876
39.577089304928876
39.577089304928876
39.749465552735245
39.931230993683855
40.0578153025137
40.34070689378134
40.34070689378134
40.34070689378134
40.39174379620274
40.39174379620274
40.39174379620274
40.40734385271086
40.40734385271086
40.5050051681597
40.5050051681597
40.50503350096621
40.54741881567895
40.58083720830161
40.58083720830161
40.69721356314479
40.69721356314479
40.69721356314479
40.69721637113615
40.69721637113615
40.69721637355984
40.72314339457609
40.72314339457609
40.72314339457609
40.72314339457609
40.72314339457609
40.86610097680617
40.86610097680617
40.86610097680617
40.98306561544757
40.98306561544757
40.98306561544757
40.98306561544757
40.98306561544757
41.1351714853354
41.17396714498452
41.29151091335257
41.43873858473445
41.43873858473445
41.43873858473445
41.865285134183246
41.865285134183246
42.13769863041607
42.1924665809256
42.245256266436996
42.245256266436996
42.8023948151885
42.8023948151885
42.8023948151885
42.8023948151885
42.8023948151885
42.81014696741112
42.81014696741112
42.81014696741112
42.81014696741112
42.81014696741112
42.81014696741112
43.07309395697645
43.21974442609723
43.21978046889906
43.493307320241875
43.493307320241875
43.493307320241875
43.517453595969656
43.63698674205842
44.25605761303548
44.25605761303548
44.35557240751015
44.35557240751015
44.35557240751015
44.35557240751015
44.37356464432485
44.44296858498141
44.45167282721543
44.45167282721543
44.45167282721543
44.464831507600636
44.464831507600636
44.85113889210413
44.85113889210413
44.85113889210413
44.85113889210413
44.85113889210413
44.925607163694686
44.925607163694686
44.925607163694686
45.13210027017344
45.13210027017344
45.13210027017344
45.13210027017344
45.13210027017344
45.13210027017344
45.13210027017344
45.13210027017344
45.13210027017344
45.13210027017344
45.20830346028112
45.20830346028112
45.20830346028112
45.20830346028112
45.20830346028112
45.20830346028112
45.28105718181734
45.28105718181734
45.28105718181734
45.28105718181734
45.28116860064251
45.28116860064251
45.7354636618895
45.738307531654364
45.738307531654364
45.738307531654364
45.738307531654364
45.738307531654364
45.738307531654364
45.754753666662864
45.754753666662864
45.98455279094481
45.98455279094481
46.09328727993842
46.17946038742329
46.17946038742329
46.17946038742329
46.17946038742329
46.17946038742329
46.33167636354612
46.33167636354612
46.33167636354612
46.369266065017435
46.369266065017435
46.369266065017435
46.369266065017435
46.369266065017435
46.654019946525025
46.654019946525025
46.654019946525025
46.654019946525025
46.654019946525025
46.654019946525025
46.654019946525025
46.654019946525025
46.654019946525025
46.654019946525025
46.654019946525025
46.654019946525025
46.70557280482082
46.70557280482082
46.88437263601198
46.88437263601198
46.88437263601198
46.88437263601198
46.94808936799769
46.94808936799769
46.94808936799769
46.94808936799769
46.94808936799769
46.94808936799769
46.94808936799769
46.94808936799769
46.94808936799769
47.09232264912523
47.18776008229426
47.18776008229426
47.18776008229426
47.26063714973237
47.26063714973237
47.26063714973237
47.26859042509933
47.26859042509933
47.29429635611892
47.29429635611892
47.29429635611892
47.29429635611892
47.3853023012978
47.41987679054999
47.41987679054999
47.49865022885105
47.49865022885105
47.49865022885105
47.49865022885105
47.49865022885105
47.49865022885105
47.51984876187376
47.51984876187376
47.51984876187376
47.64551981635302
47.68840327162205
47.691905027192135
47.691905027192135
47.740764400000536
47.78948001410181
47.78948001410181
47.78948001410181
48.01459615509093
48.01459615509093
48.0647989417986
48.16552212571853
48.16552212571853
48.181235726690716
48.181235726690716
48.417106604091884
48.417106604091884
48.60744340968128
48.60744340968128
48.74970287942348
48.74970287942348
48.74970287942348
48.74970287942348
48.74970287942348
48.74970287942348
48.74970287942348
48.74970287942348
48.74970287942348
48.74970287942348
48.74970287942348
48.779007174834966
48.779007174834966
48.779007174834966
48.779007174834966
48.779007174834966
48.779007174834966
48.779007174834966
48.779007174834966
48.779007174834966
48.87982925581692
48.87982925581692
48.87982925581692
48.87982925581692
48.87982925581692
48.90461295755271
48.90461295755271
48.90461295755271
48.90462858204029
48.90462858204029
48.90462858204029
48.90462858204029
48.90462858204029
48.94541450951118
48.94541450951118
48.94541450951118
48.945488416065885
48.945488416065885
48.945488416065885
48.945488416065885
49.00337806419045
49.00337806419045
49.02120231666864
49.02120231666864
49.02120231666864
49.02120231666864
49.02120231666864
49.02120231666864
49.240685112241465
49.240685112241465
49.432319267040725
49.82059357749565
49.82059357749565
49.82059357749565
49.82337655934323
50.08586389829293
50.20936573379504
50.20936573379504
50.20936573379504
50.24741407211286
50.36854997296672
50.36854997296672
50.36854997296672
50.44026927332497
50.44026927332497
50.44026927332497
50.580933800371405
50.580933800371405
