3.4761314658586384
5.365548695101271
5.963737869696763
6.928635128814948
7.155895435987756
7.56902944807184
7.672236508972747
7.927393898734001
11.3116990973141
11.733780821041439
12.030784769372021
12.541587501442258
13.214383498737451
13.35952916886426
14.025807274246977
14.914350306930123
14.915541707991702
15.150079149320442
15.233241379923925
15.55246763886746
15.757734382438576
15.757734382438576
15.760088947310484
16.098308709103357
16.381317613838988
16.69074405921816
16.985685510967507
17.16263041525191
17.173283161722193
17.23178923212483
17.341628651677254
17.93686323558791
19.101045034684446
21.198811146033087
21.423324633052353
21.735182268163157
22.35381949558677
23.267847129314138
23.285214009348135
23.53735767576402
23.658237015235745
23.70651978289784
23.946779699188134
24.370066328849546
24.388164213245712
25.57317609267398
25.804999300257816
26.45887376362258
26.45887376362258
26.5708310359724
26.834367816859707
27.96926677523977
28.155739294980833
28.399820181028588
28.75413926018849
28.830683996245114
28.895079744516874
30.2395923320852
30.7469306412143
30.934938452445657
30.98097269621498
31.000654912075333
31.000654912075333
31.19815478328664
31.38859694409362
31.497654013771363
31.609763626841897
31.609763626841897
31.609763626841897
31.715603109638682
31.850532725556082
32.06625724369931
32.06625724369931
32.20862259094511
32.73014892188761
32.95852542586883
33.37925541668443
33.5019464035038
33.67923570431655
33.88590934230656
34.01972164508517
34.01972164508517
34.01972164508517
34.07750812740893
34.07750812740893
34.4202170776629
34.42038435158812
34.87812176829486
34.87812176829486
34.999903604939234
35.28376249754264
35.63122751501434
35.63122751501434
35.63122751501434
35.63213578410231
35.68763281011975
35.68763281011975
35.947391557836696
35.947391557836696
35.956642178984175
35.956642178984175
35.956642178984175
35.98475865035415
35.98475865035415
37.15646595713075
37.38502865913193
37.535907446755544
37.535907446755544
37.535907446755544
37.535907446755544
37.535907446755544
37.535907446755544
37.58750163938309
37.58750163938309
37.65120327080437
37.65120327080437
37.65120327080437
37.65120327080437
37.701215662079775
37.982972306242075
37.982972306242075
38.29580498840796
38.29580498840796
38.32755280973946
38.34389714135632
38.34389714135632
38.670495282840356
38.670495282840356
38.670495282840356
39.12144583431157
39.12144583431157
39.12144583431157
39.12144583431157
39.12144583431157
39.134099777702446
39.36392725985614
39.37553888687113
39.37553888687113
39.52394744200255
39.52394744200255
40.27887600969956
40.490495705184635
40.53793663650056
40.53799677856124
40.53799677856124
40.54612911171885
40.546452502724584
40.546452502724584
40.552851247100214
40.65065384560476
40.65065384560476
40.85374321489236
40.88558475169915
41.399446351062856
41.75361735790784
41.81654526706908
41.81654526706908
41.836079944180234
41.836079944180234
42.407171699517725
42.407171699517725
42.46646614389977
42.46646614389977
42.49343277817504
42.49343277817504
42.5379518835836
42.92941195638551
42.92941195638551
42.931071707095796
43.109058867576394
43.109058867576394
43.109058867576394
43.109058867576394
43.109058867576394
43.487912438568024
43.487912438568024
43.65623937071987
43.673389572660355
43.79127585584207
43.79127585584207
43.853669344360455
43.86448746794706
43.86448746794706
43.86452675267657
43.86452675267657
43.86452675267657
43.86452675267657
43.86452675267657
43.86452675267657
43.86452675267657
43.86452675267657
43.86452675267657
43.86452675267657
43.86452675267657
43.86452675267657
43.91063162699367
43.91063162699367
44.03524853656405
44.169329273650355
44.190332306859055
44.190332306859055
44.190332306859055
44.190332306859055
44.304671153150785
44.304671153150785
44.304671153150785
44.304671153150785
44.304671153150785
44.379799260375385
44.379799260375385
44.379799260375385
44.379799260375385
44.379799260375385
44.388732899885966
44.38960049399907
44.38960049399907
44.38960049399907
44.38960049399907
44.39623222826032
44.39623222826032
44.7250974956638
44.809186845171084
44.809186845171084
44.809186845171084
44.809186845171084
45.04846182532721
45.04846182532721
45.04846182532721
45.04846182532721
45.04846182532721
45.04846182532721
45.212338742651944
45.212338742651944
45.212338742651944
45.25808638704568
45.33547116298465
45.33547116298465
45.534486889190575
45.534486889190575
45.534486889190575
45.534486889190575
45.534486889190575
45.545214448698985
45.545214448698985
45.66089176969056
45.6689896999077
45.74794261839418
45.74794261839418
45.74794261839418
45.74794261839418
45.84909257522829
45.92730299902597
45.96308757469078
45.97908470869088
46.31346366173055
46.31346366173055
46.31346366173055
46.31346366173055
46.44090544403825
46.73857460594823
46.73857460594823
46.73857460594823
46.73857460594823
46.73857460594823
46.76043577995192
46.83057597429417
46.8318656785522
46.8318656785522
46.8318656785522
46.89968028692028
46.89968028692028
47.11044872880656
47.19466707908779
47.19466707908779
47.23504600474368
47.23504600474368
47.23504600474368
47.311445640483626
47.311445640483626
47.311445640483626
47.311445640483626
47.311445640483626
47.311445640483626
47.311445640483626
47.311445640483626
47.311445640483626
47.46514889983323
47.46514889983323
47.46514889983323
47.469347375984874
47.469347375984874
47.469347375984874
47.60230001563523
47.60230001563523
47.61907336191693
47.61907336191693
47.61907336191693
47.61907336191693
47.61907336191693
47.92922840336909
47.92922840336909
47.92922840336909
48.579778681090126
48.579778681090126
48.579778681090126
48.579778681090126
48.61879085600272
48.61879085600272
48.677648254584895
48.677648254584895
48.677648254584895
48.677648254584895
48.677648254584895
48.677648254584895
48.677648254584895
48.677648254584895
48.677648254584895
48.677648254584895
48.68188111489193
48.735297441467154
48.735297441467154
48.735297441467154
48.735297441467154
48.735297441467154
48.735297441467154
48.735297441467154
48.75112945728343
48.75112945728343
48.75112945728343
48.75112945728343
48.75112945728343
48.75112945728343
48.75112945728343
48.75112945728343
48.87377725258854
48.87377725258854
48.87377725258854
48.87377725258854
48.87379769852178
48.904853598110584
48.904853598110584
48.904853598110584
48.904853598110584
48.904853598110584
48.904853598110584
48.904853598110584
48.904853598110584
48.904853598110584
48.904853598110584
48.904853598110584
48.9203324262946
48.9203324262946
48.9203324262946
48.95487186391049
48.95487186391049
48.95487186391049
48.95487186391049
48.95487186391049
48.95487186391049
48.95487186391049
48.95487186391049
48.95487186391049
48.95487186391049
48.95487186391049
48.95487186391049
49.01774402258333
49.01774402258333
49.01774402258333
49.01774402258333
49.171636374431195
49.171636374431195
49.171636374431195
49.171636374431195
49.171636374431195
49.171636374431195
49.171636374431195
49.27220821285
49.27220821285
49.27220821285
49.27220821285
49.28960330661539
49.28960330661539
49.28960330661539
49.28960330661539
49.33894643043517
49.33894643043517
49.33894643043517
49.33894643043517
49.37062783791511
49.37062783791511
49.37062783791511
49.37062783791511
49.37062783791511
49.37062783791511
49.41191352382488
49.41191352382488
49.42038275494193
49.42038275494193
49.42038275494193
49.42038275494193
49.42038275494193
49.42038275494193
49.52967402019821
49.52967402019821
49.52967402019821
49.52967402019821
49.52967402019821
49.52967402019821
49.52967402019821
49.60396567749916
49.60396567749916
49.60396567749916
49.60396567749916
49.60396567749916
49.60396567749916
49.60396567749916
49.60396567749916
49.63495176307928
49.63495176307928
49.63495176307928
49.63495176307928
49.63495176307928
49.63495176307928
49.63495176307928
49.63495176307928
49.63495176307928
49.63495176307928
49.63495176307928
49.63495176307928
49.63495176307928
49.63495176307928
49.63495176307928
49.63495176307928
49.63495176307928
49.63495176307928
49.63495176307928
49.639662201674675
49.639662201674675
49.639662201674675
49.639662201674675
49.639662201674675
49.65937643211093
49.65937643211093
49.65937643211093
49.72333516776943
49.72333516776943
49.72333516776943
49.72333516776943
49.72333516776943
49.72333516776943
49.72333516776943
49.740888857059716
49.740888857059716
49.79032565887294
49.79032565887294
49.79032565887294
49.79032565887294
49.79086123622809
49.79086123622809
49.79766452900403
49.79766452900403
49.79766452900403
49.81495142496067
49.81495142496067
49.9089441961279
49.9089441961279
49.9089441961279
49.9089441961279
50.03994562694962
50.04128114689449
50.04128114689449
50.04546256333164
50.04618255019388
50.07884761229497
50.07884761229497
50.07884761229497
50.07884761229497
50.07884761229497
50.08492388306324
50.148068474930966
50.148068474930966
50.148068474930966
50.18469887659282
50.18469887659282
50.18469887659282
50.31546124425573
50.320331501374575
50.320331501374575
50.320331501374575
50.320331501374575
50.320331501374575
50.36067855629878
50.39892008671676
50.41058393171782
50.41058393171782
50.41058393171782
50.41058393171782
50.41058393171782
50.41058393171782
50.511387009560224
